    iyd    sec    alt   glat  glong      T    stl  f107a   f107     Ap            O           N2           O2
   2000   3600  100.0   40.0   40.0  184.0  14.25  125.6  125.6   56.0   0.5203E+12   0.8555E+13   0.2151E+13
   2000   7200  100.0   40.0   40.0  181.1  14.25  125.6  125.6   56.0   0.5245E+12   0.8372E+13   0.2109E+13
   2000  10800  100.0   40.0   40.0  179.0  14.25  125.6  125.6   39.0   0.5273E+12   0.8111E+13   0.2048E+13
   2000  14400  100.0   40.0   40.0  178.1  14.25  125.6  125.6   39.0   0.5238E+12   0.7823E+13   0.1982E+13
   2000  18000  100.0   40.0   40.0  178.2  14.25  125.6  125.6   39.0   0.5159E+12   0.7568E+13   0.1923E+13
   2000  21600  100.0   40.0   40.0  179.1  14.25  125.6  125.6   27.0   0.5066E+12   0.7393E+13   0.1879E+13
   2000  25200  100.0   40.0   40.0  180.5  14.25  125.6  125.6   27.0   0.4954E+12   0.7321E+13   0.1859E+13
   2000  28800  100.0   40.0   40.0  181.8  14.25  125.6  125.6   27.0   0.4859E+12   0.7357E+13   0.1864E+13
   2000  32400  100.0   40.0   40.0  182.7  14.25  125.6  125.6   18.0   0.4794E+12   0.7489E+13   0.1889E+13
   2000  36000  100.0   40.0   40.0  182.9  14.25  125.6  125.6   18.0   0.4744E+12   0.7680E+13   0.1930E+13
   2000  39600  100.0   40.0   40.0  182.3  14.25  125.6  125.6   18.0   0.4704E+12   0.7887E+13   0.1975E+13
   2000  43200  100.0   40.0   40.0  181.3  14.25  125.6  125.6   32.0   0.4663E+12   0.8060E+13   0.2016E+13
   2000  46800  100.0   40.0   40.0  180.3  14.25  125.6  125.6   32.0   0.4619E+12   0.8164E+13   0.2042E+13
   2000  50400  100.0   40.0   40.0  179.7  14.25  125.6  125.6   32.0   0.4581E+12   0.8184E+13   0.2050E+13
   2000  54000  100.0   40.0   40.0  179.9  14.25  125.6  125.6   15.0   0.4567E+12   0.8137E+13   0.2040E+13
   2000  57600  100.0   40.0   40.0  181.1  14.25  125.6  125.6   15.0   0.4589E+12   0.8052E+13   0.2026E+13
   2000  61200  100.0   40.0   40.0  183.3  14.25  125.6  125.6   15.0   0.4652E+12   0.7976E+13   0.2013E+13
   2000  64800  100.0   40.0   40.0  186.1  14.25  125.6  125.6   32.0   0.4728E+12   0.7943E+13   0.2010E+13
   2000  68400  100.0   40.0   40.0  188.9  14.25  125.6  125.6   32.0   0.4828E+12   0.7981E+13   0.2021E+13
   2000  72000  100.0   40.0   40.0  191.2  14.25  125.6  125.6   32.0   0.4921E+12   0.8091E+13   0.2046E+13
   2000  75600  100.0   40.0   40.0  192.2  14.25  125.6  125.6   22.0   0.5015E+12   0.8255E+13   0.2081E+13
   2000  79200  100.0   40.0   40.0  191.8  14.25  125.6  125.6   22.0   0.5081E+12   0.8432E+13   0.2120E+13
   2000  82800  100.0   40.0   40.0  190.0  14.25  125.6  125.6   22.0   0.5141E+12   0.8572E+13   0.2151E+13
   2000      0  100.0   40.0   40.0  187.1  14.25  125.7  128.5   15.0   0.5225E+12   0.8626E+13   0.2161E+13
   2000   3600  100.0   40.0   40.0  183.9  14.25  125.8  128.5   15.0   0.5282E+12   0.8560E+13   0.2146E+13
   2000   7200  100.0   40.0   40.0  181.0  14.25  125.9  128.5   15.0   0.5322E+12   0.8378E+13   0.2105E+13
   2000  10800  100.0   40.0   40.0  179.0  14.25  126.0  128.5   18.0   0.5319E+12   0.8114E+13   0.2046E+13
   2000  14400  100.0   40.0   40.0  178.0  14.25  126.1  128.5   18.0   0.5279E+12   0.7827E+13   0.1980E+13
   2000  18000  100.0   40.0   40.0  178.1  14.25  126.2  128.5   18.0   0.5196E+12   0.7573E+13   0.1921E+13
   2000  21600  100.0   40.0   40.0  179.0  14.25  126.3  128.5   18.0   0.5085E+12   0.7397E+13   0.1878E+13
   2000  25200  100.0   40.0   40.0  180.4  14.25  126.3  128.5   18.0   0.4970E+12   0.7324E+13   0.1858E+13
   2000  28800  100.0   40.0   40.0  181.8  14.25  126.4  128.5   18.0   0.4872E+12   0.7361E+13   0.1863E+13
   2000  32400  100.0   40.0   40.0  182.7  14.25  126.5  128.5   18.0   0.4801E+12   0.7491E+13   0.1889E+13
   2000  36000  100.0   40.0   40.0  182.9  14.25  126.5  128.5   18.0   0.4750E+12   0.7683E+13   0.1930E+13
   2000  39600  100.0   40.0   40.0  182.3  14.25  126.6  128.5   18.0   0.4711E+12   0.7890E+13   0.1975E+13
   2000  43200  100.0   40.0   40.0  181.2  14.25  126.6  128.5   12.0   0.4670E+12   0.8065E+13   0.2014E+13
   2000  46800  100.0   40.0   40.0  180.2  14.25  126.7  128.5   12.0   0.4626E+12   0.8170E+13   0.2039E+13
   2000  50400  100.0   40.0   40.0  179.6  14.25  126.7  128.5   12.0   0.4588E+12   0.8190E+13   0.2047E+13
   2000  54000  100.0   40.0   40.0  179.9  14.25  126.8  128.5   18.0   0.4574E+12   0.8139E+13   0.2041E+13
   2000  57600  100.0   40.0   40.0  181.1  14.25  126.8  128.5   18.0   0.4596E+12   0.8055E+13   0.2026E+13
   2000  61200  100.0   40.0   40.0  183.3  14.25  126.8  128.5   18.0   0.4657E+12   0.7979E+13   0.2013E+13
   2000  64800  100.0   40.0   40.0  186.0  14.25  126.9  128.5   18.0   0.4750E+12   0.7949E+13   0.2009E+13
   2000  68400  100.0   40.0   40.0  188.9  14.25  126.9  128.5   18.0   0.4854E+12   0.7988E+13   0.2019E+13
   2000  72000  100.0   40.0   40.0  191.1  14.25  127.0  128.5   18.0   0.4952E+12   0.8098E+13   0.2045E+13
   2000  75600  100.0   40.0   40.0  192.2  14.25  127.0  128.5   15.0   0.5041E+12   0.8261E+13   0.2080E+13
   2000  79200  100.0   40.0   40.0  191.8  14.25  127.0  128.5   15.0   0.5110E+12   0.8438E+13   0.2119E+13
   2000  82800  100.0   40.0   40.0  189.9  14.25  127.0  128.5   15.0   0.5171E+12   0.8577E+13   0.2150E+13
   2000      0  100.0   40.0   40.0  187.1  14.25  127.1  128.7   18.0   0.5222E+12   0.8629E+13   0.2162E+13
   2000   3600  100.0   40.0   40.0  183.9  14.25  127.1  128.7   18.0   0.5279E+12   0.8563E+13   0.2147E+13
   2000   7200  100.0   40.0   40.0  181.0  14.25  127.1  128.7   18.0   0.5319E+12   0.8381E+13   0.2106E+13
   2000  10800  100.0   40.0   40.0  179.0  14.25  127.2  128.7   15.0   0.5335E+12   0.8118E+13   0.2046E+13
   2000  14400  100.0   40.0   40.0  178.0  14.25  127.2  128.7   15.0   0.5294E+12   0.7830E+13   0.1980E+13
   2000  18000  100.0   40.0   40.0  178.1  14.25  127.2  128.7   15.0   0.5209E+12   0.7576E+13   0.1920E+13
   2000  21600  100.0   40.0   40.0  179.0  14.25  127.3  128.7   12.0   0.5104E+12   0.7401E+13   0.1877E+13
   2000  25200  100.0   40.0   40.0  180.4  14.25  127.3  128.7   12.0   0.4985E+12   0.7328E+13   0.1858E+13
   2000  28800  100.0   40.0   40.0  181.8  14.25  127.3  128.7   12.0   0.4884E+12   0.7365E+13   0.1862E+13
   2000  32400  100.0   40.0   40.0  182.7  14.25  127.3  128.7   12.0   0.4809E+12   0.7495E+13   0.1888E+13
   2000  36000  100.0   40.0   40.0  182.9  14.25  127.4  128.7   12.0   0.4757E+12   0.7686E+13   0.1929E+13
   2000  39600  100.0   40.0   40.0  182.3  14.25  127.4  128.7   12.0   0.4716E+12   0.7893E+13   0.1974E+13
   2000  43200  100.0   40.0   40.0  181.2  14.25  127.4  128.7    9.0   0.4674E+12   0.8069E+13   0.2013E+13
   2000  46800  100.0   40.0   40.0  180.2  14.25  127.4  128.7    9.0   0.4629E+12   0.8173E+13   0.2038E+13
   2000  50400  100.0   40.0   40.0  179.6  14.25  127.4  128.7    9.0   0.4592E+12   0.8193E+13   0.2046E+13
   2000  54000  100.0   40.0   40.0  179.8  14.25  127.5  128.7    9.0   0.4580E+12   0.8144E+13   0.2039E+13
   2000  57600  100.0   40.0   40.0  181.1  14.25  127.5  128.7    9.0   0.4605E+12   0.8059E+13   0.2025E+13
   2000  61200  100.0   40.0   40.0  183.2  14.25  127.5  128.7    9.0   0.4670E+12   0.7984E+13   0.2011E+13
   2000  64800  100.0   40.0   40.0  186.0  14.25  127.5  128.7   15.0   0.4757E+12   0.7952E+13   0.2009E+13
   2000  68400  100.0   40.0   40.0  188.8  14.25  127.5  128.7   15.0   0.4862E+12   0.7990E+13   0.2019E+13
   2000  72000  100.0   40.0   40.0  191.1  14.25  127.6  128.7   15.0   0.4962E+12   0.8100E+13   0.2044E+13
   2000  75600  100.0   40.0   40.0  192.1  14.25  127.6  128.7    6.0   0.5077E+12   0.8267E+13   0.2078E+13
   2000  79200  100.0   40.0   40.0  191.7  14.25  127.6  128.7    6.0   0.5149E+12   0.8443E+13   0.2117E+13
   2000  82800  100.0   40.0   40.0  189.8  14.25  127.6  128.7    6.0   0.5214E+12   0.8583E+13   0.2148E+13
   2000      0  100.0   40.0   40.0  187.0  14.25  127.6  130.3    9.0   0.5262E+12   0.8633E+13   0.2160E+13
   2000   3600  100.0   40.0   40.0  183.9  14.25  127.7  130.3    9.0   0.5319E+12   0.8567E+13   0.2145E+13
   2000   7200  100.0   40.0   40.0  181.0  14.25  127.7  130.3    9.0   0.5359E+12   0.8385E+13   0.2104E+13
   2000  10800  100.0   40.0   40.0  178.9  14.25  127.7  130.3    9.0   0.5363E+12   0.8121E+13   0.2044E+13
   2000  14400  100.0   40.0   40.0  177.9  14.25  127.8  130.3    9.0   0.5320E+12   0.7834E+13   0.1978E+13
   2000  18000  100.0   40.0   40.0  178.0  14.25  127.8  130.3    9.0   0.5232E+12   0.7579E+13   0.1919E+13
   2000  21600  100.0   40.0   40.0  179.0  14.25  127.8  130.3    9.0   0.5116E+12   0.7403E+13   0.1877E+13
   2000  25200  100.0   40.0   40.0  180.3  14.25  127.9  130.3    9.0   0.4996E+12   0.7331E+13   0.1857E+13
   2000  28800  100.0   40.0   40.0  181.7  14.25  127.9  130.3    9.0   0.4893E+12   0.7367E+13   0.1862E+13
   2000  32400  100.0   40.0   40.0  182.7  14.25  127.9  130.3   15.0   0.4811E+12   0.7496E+13   0.1889E+13
   2000  36000  100.0   40.0   40.0  182.9  14.25  128.0  130.3   15.0   0.4760E+12   0.7687E+13   0.1930E+13
   2000  39600  100.0   40.0   40.0  182.3  14.25  128.0  130.3   15.0   0.4719E+12   0.7894E+13   0.1975E+13
   2000  43200  100.0   40.0   40.0  181.3  14.25  128.0  130.3   18.0   0.4678E+12   0.8068E+13   0.2015E+13
   2000  46800  100.0   40.0   40.0  180.2  14.25  128.0  130.3   18.0   0.4634E+12   0.8172E+13   0.2040E+13
   2000  50400  100.0   40.0   40.0  179.7  14.25  128.1  130.3   18.0   0.4597E+12   0.8193E+13   0.2048E+13
   2000  54000  100.0   40.0   40.0  179.9  14.25  128.1  130.3   12.0   0.4583E+12   0.8144E+13   0.2040E+13
   2000  57600  100.0   40.0   40.0  181.1  14.25  128.1  130.3   12.0   0.4607E+12   0.8060E+13   0.2025E+13
   2000  61200  100.0   40.0   40.0  183.3  14.25  128.1  130.3   12.0   0.4671E+12   0.7984E+13   0.2012E+13
   2000  64800  100.0   40.0   40.0  186.0  14.25  128.2  130.3    9.0   0.4771E+12   0.7956E+13   0.2008E+13
   2000  68400  100.0   40.0   40.0  188.8  14.25  128.2  130.3    9.0   0.4880E+12   0.7995E+13   0.2018E+13
   2000  72000  100.0   40.0   40.0  191.0  14.25  128.2  130.3    9.0   0.4983E+12   0.8105E+13   0.2043E+13
   2000  75600  100.0   40.0   40.0  192.3  14.25  128.2  130.3   22.0   0.5033E+12   0.8262E+13   0.2081E+13
   2000  79200  100.0   40.0   40.0  191.9  14.25  128.3  130.3   22.0   0.5099E+12   0.8439E+13   0.2120E+13
   2000  82800  100.0   40.0   40.0  190.0  14.25  128.3  130.3   22.0   0.5159E+12   0.8579E+13   0.2151E+13
   2000      0  100.0   40.0   40.0  187.2  14.25  128.3  132.0   27.0   0.5208E+12   0.8631E+13   0.2163E+13
   2000   3600  100.0   40.0   40.0  184.0  14.25  128.4  132.0   27.0   0.5265E+12   0.8565E+13   0.2148E+13
   2000   7200  100.0   40.0   40.0  181.1  14.25  128.4  132.0   27.0   0.5306E+12   0.8383E+13   0.2107E+13
   2000  10800  100.0   40.0   40.0  179.0  14.25  128.4  132.0   18.0   0.5335E+12   0.8121E+13   0.2046E+13
   2000  14400  100.0   40.0   40.0  178.0  14.25  128.5  132.0   18.0   0.5296E+12   0.7833E+13   0.1980E+13
   2000  18000  100.0   40.0   40.0  178.1  14.25  128.5  132.0   18.0   0.5212E+12   0.7578E+13   0.1921E+13
   2000  21600  100.0   40.0   40.0  179.0  14.25  128.5  132.0   18.0   0.5100E+12   0.7402E+13   0.1878E+13
   2000  25200  100.0   40.0   40.0  180.4  14.25  128.6  132.0   18.0   0.4985E+12   0.7330E+13   0.1859E+13
   2000  28800  100.0   40.0   40.0  181.8  14.25  128.6  132.0   18.0   0.4886E+12   0.7366E+13   0.1863E+13
   2000  32400  100.0   40.0   40.0  182.7  14.25  128.6  132.0   18.0   0.4814E+12   0.7497E+13   0.1890E+13
   2000  36000  100.0   40.0   40.0  182.9  14.25  128.7  132.0   18.0   0.4764E+12   0.7688E+13   0.1930E+13
   2000  39600  100.0   40.0   40.0  182.3  14.25  128.7  132.0   18.0   0.4724E+12   0.7895E+13   0.1975E+13
   2000  43200  100.0   40.0   40.0  181.2  14.25  128.7  132.0    9.0   0.4682E+12   0.8072E+13   0.2013E+13
   2000  46800  100.0   40.0   40.0  180.2  14.25  128.7  132.0    9.0   0.4638E+12   0.8176E+13   0.2038E+13
   2000  50400  100.0   40.0   40.0  179.6  14.25  128.8  132.0    9.0   0.4601E+12   0.8197E+13   0.2046E+13
   2000  54000  100.0   40.0   40.0  179.9  14.25  128.8  132.0   15.0   0.4587E+12   0.8145E+13   0.2041E+13
   2000  57600  100.0   40.0   40.0  181.2  14.25  128.8  132.0   15.0   0.4610E+12   0.8061E+13   0.2026E+13
   2000  61200  100.0   40.0   40.0  183.3  14.25  128.9  132.0   15.0   0.4673E+12   0.7985E+13   0.2013E+13
   2000  64800  100.0   40.0   40.0  186.1  14.25  128.9  132.0   22.0   0.4759E+12   0.7954E+13   0.2010E+13
   2000  68400  100.0   40.0   40.0  188.9  14.25  128.9  132.0   22.0   0.4861E+12   0.7992E+13   0.2020E+13
   2000  72000  100.0   40.0   40.0  191.2  14.25  128.9  132.0   22.0   0.4958E+12   0.8102E+13   0.2045E+13
   2000  75600  100.0   40.0   40.0  192.3  14.25  129.0  132.0   27.0   0.5029E+12   0.8263E+13   0.2082E+13
   2000  79200  100.0   40.0   40.0  191.9  14.25  129.0  132.0   27.0   0.5094E+12   0.8440E+13   0.2121E+13
   2000  82800  100.0   40.0   40.0  190.1  14.25  129.0  132.0   27.0   0.5153E+12   0.8580E+13   0.2152E+13
   2000      0  100.0   40.0   40.0  187.1  14.25  129.1  140.0   12.0   0.5264E+12   0.8636E+13   0.2161E+13
   2000   3600  100.0   40.0   40.0  183.9  14.25  129.2  140.0   12.0   0.5322E+12   0.8570E+13   0.2146E+13
   2000   7200  100.0   40.0   40.0  181.0  14.25  129.3  140.0   12.0   0.5362E+12   0.8388E+13   0.2105E+13
   2000  10800  100.0   40.0   40.0  179.0  14.25  129.4  140.0   18.0   0.5347E+12   0.8124E+13   0.2046E+13
   2000  14400  100.0   40.0   40.0  178.0  14.25  129.5  140.0   18.0   0.5308E+12   0.7836E+13   0.1980E+13
   2000  18000  100.0   40.0   40.0  178.1  14.25  129.5  140.0   18.0   0.5223E+12   0.7581E+13   0.1921E+13
   2000  21600  100.0   40.0   40.0  179.0  14.25  129.6  140.0    7.0   0.5139E+12   0.7408E+13   0.1876E+13
   2000  25200  100.0   40.0   40.0  180.3  14.25  129.7  140.0    7.0   0.5018E+12   0.7336E+13   0.1857E+13
   2000  28800  100.0   40.0   40.0  181.7  14.25  129.8  140.0    7.0   0.4913E+12   0.7373E+13   0.1861E+13
   2000  32400  100.0   40.0   40.0  182.8  14.25  129.9  140.0   18.0   0.4826E+12   0.7500E+13   0.1890E+13
   2000  36000  100.0   40.0   40.0  182.9  14.25  129.9  140.0   18.0   0.4776E+12   0.7691E+13   0.1930E+13
   2000  39600  100.0   40.0   40.0  182.4  14.25  130.0  140.0   18.0   0.4736E+12   0.7899E+13   0.1975E+13
   2000  43200  100.0   40.0   40.0  181.4  14.25  130.1  140.0   32.0   0.4695E+12   0.8072E+13   0.2017E+13
   2000  46800  100.0   40.0   40.0  180.3  14.25  130.2  140.0   32.0   0.4652E+12   0.8176E+13   0.2042E+13
   2000  50400  100.0   40.0   40.0  179.8  14.25  130.2  140.0   32.0   0.4613E+12   0.8196E+13   0.2050E+13
   2000  54000  100.0   40.0   40.0  180.0  14.25  130.3  140.0   32.0   0.4598E+12   0.8147E+13   0.2043E+13
   2000  57600  100.0   40.0   40.0  181.3  14.25  130.4  140.0   32.0   0.4618E+12   0.8062E+13   0.2028E+13
   2000  61200  100.0   40.0   40.0  183.4  14.25  130.5  140.0   32.0   0.4677E+12   0.7986E+13   0.2015E+13
   2000  64800  100.0   40.0   40.0  186.1  14.25  130.5  140.0   15.0   0.4781E+12   0.7959E+13   0.2009E+13
   2000  68400  100.0   40.0   40.0  188.9  14.25  130.6  140.0   15.0   0.4887E+12   0.7998E+13   0.2019E+13
   2000  72000  100.0   40.0   40.0  191.1  14.25  130.7  140.0   15.0   0.4987E+12   0.8109E+13   0.2044E+13
   2000  75600  100.0   40.0   40.0  192.3  14.25  130.7  140.0   18.0   0.5063E+12   0.8270E+13   0.2081E+13
   2000  79200  100.0   40.0   40.0  191.9  14.25  130.8  140.0   18.0   0.5130E+12   0.8447E+13   0.2120E+13
   2000  82800  100.0   40.0   40.0  190.0  14.25  130.9  140.0   18.0   0.5191E+12   0.8587E+13   0.2151E+13
   2000      0  100.0   40.0   40.0  187.2  14.25  130.9  144.8   18.0   0.5256E+12   0.8640E+13   0.2162E+13
   2000   3600  100.0   40.0   40.0  184.0  14.25  131.0  144.8   18.0   0.5313E+12   0.8574E+13   0.2147E+13
   2000   7200  100.0   40.0   40.0  181.1  14.25  131.1  144.8   18.0   0.5354E+12   0.8392E+13   0.2106E+13
   2000  10800  100.0   40.0   40.0  179.0  14.25  131.2  144.8   15.0   0.5371E+12   0.8129E+13   0.2046E+13
   2000  14400  100.0   40.0   40.0  178.0  14.25  131.3  144.8   15.0   0.5330E+12   0.7841E+13   0.1980E+13
   2000  18000  100.0   40.0   40.0  178.1  14.25  131.4  144.8   15.0   0.5245E+12   0.7586E+13   0.1921E+13
   2000  21600  100.0   40.0   40.0  178.9  14.25  131.5  144.8    5.0   0.5160E+12   0.7414E+13   0.1876E+13
   2000  25200  100.0   40.0   40.0  180.3  14.25  131.6  144.8    5.0   0.5036E+12   0.7342E+13   0.1856E+13
   2000  28800  100.0   40.0   40.0  181.7  14.25  131.7  144.8    5.0   0.4930E+12   0.7378E+13   0.1861E+13
   2000  32400  100.0   40.0   40.0  182.7  14.25  131.8  144.8    7.0   0.4848E+12   0.7508E+13   0.1888E+13
   2000  36000  100.0   40.0   40.0  182.9  14.25  131.8  144.8    7.0   0.4793E+12   0.7699E+13   0.1928E+13
   2000  39600  100.0   40.0   40.0  182.3  14.25  131.9  144.8    7.0   0.4750E+12   0.7907E+13   0.1973E+13
   2000  43200  100.0   40.0   40.0  181.3  14.25  132.0  144.8    7.0   0.4708E+12   0.8082E+13   0.2013E+13
   2000  46800  100.0   40.0   40.0  180.2  14.25  132.1  144.8    7.0   0.4663E+12   0.8186E+13   0.2038E+13
   2000  50400  100.0   40.0   40.0  179.6  14.25  132.2  144.8    7.0   0.4627E+12   0.8207E+13   0.2046E+13
   2000  54000  100.0   40.0   40.0  179.9  14.25  132.2  144.8    9.0   0.4615E+12   0.8156E+13   0.2040E+13
   2000  57600  100.0   40.0   40.0  181.1  14.25  132.3  144.8    9.0   0.4641E+12   0.8072E+13   0.2025E+13
   2000  61200  100.0   40.0   40.0  183.3  14.25  132.4  144.8    9.0   0.4707E+12   0.7996E+13   0.2012E+13
   2000  64800  100.0   40.0   40.0  186.1  14.25  132.5  144.8   12.0   0.4800E+12   0.7966E+13   0.2009E+13
   2000  68400  100.0   40.0   40.0  188.9  14.25  132.6  144.8   12.0   0.4908E+12   0.8005E+13   0.2019E+13
   2000  72000  100.0   40.0   40.0  191.1  14.25  132.6  144.8   12.0   0.5009E+12   0.8115E+13   0.2044E+13
   2000  75600  100.0   40.0   40.0  192.2  14.25  132.7  144.8    7.0   0.5113E+12   0.8280E+13   0.2079E+13
   2000  79200  100.0   40.0   40.0  191.8  14.25  132.8  144.8    7.0   0.5185E+12   0.8457E+13   0.2118E+13
   2000  82800  100.0   40.0   40.0  189.9  14.25  132.8  144.8    7.0   0.5249E+12   0.8597E+13   0.2149E+13
   2000      0  100.0   40.0   40.0  187.1  14.25  132.9  149.6    7.0   0.5317E+12   0.8649E+13   0.2160E+13
   2000   3600  100.0   40.0   40.0  183.9  14.25  133.0  149.6    7.0   0.5375E+12   0.8583E+13   0.2145E+13
   2000   7200  100.0   40.0   40.0  181.0  14.25  133.1  149.6    7.0   0.5415E+12   0.8400E+13   0.2104E+13
   2000  10800  100.0   40.0   40.0  178.9  14.25  133.2  149.6    3.0   0.5443E+12   0.8139E+13   0.2043E+13
   2000  14400  100.0   40.0   40.0  177.9  14.25  133.3  149.6    3.0   0.5397E+12   0.7851E+13   0.1977E+13
   2000  18000  100.0   40.0   40.0  178.0  14.25  133.4  149.6    3.0   0.5304E+12   0.7596E+13   0.1918E+13
   2000  21600  100.0   40.0   40.0  179.0  14.25  133.5  149.6    5.0   0.5175E+12   0.7419E+13   0.1876E+13
   2000  25200  100.0   40.0   40.0  180.4  14.25  133.6  149.6    5.0   0.5051E+12   0.7347E+13   0.1857E+13
   2000  28800  100.0   40.0   40.0  181.8  14.25  133.7  149.6    5.0   0.4944E+12   0.7383E+13   0.1861E+13
   2000  32400  100.0   40.0   40.0  182.7  14.25  133.8  149.6    6.0   0.4863E+12   0.7513E+13   0.1888E+13
   2000  36000  100.0   40.0   40.0  182.9  14.25  133.9  149.6    6.0   0.4808E+12   0.7705E+13   0.1928E+13
   2000  39600  100.0   40.0   40.0  182.3  14.25  134.0  149.6    6.0   0.4764E+12   0.7913E+13   0.1973E+13
   2000  43200  100.0   40.0   40.0  181.3  14.25  134.0  149.6    6.0   0.4721E+12   0.8087E+13   0.2013E+13
   2000  46800  100.0   40.0   40.0  180.2  14.25  134.1  149.6    6.0   0.4677E+12   0.8192E+13   0.2038E+13
   2000  50400  100.0   40.0   40.0  179.7  14.25  134.2  149.6    6.0   0.4641E+12   0.8213E+13   0.2046E+13
   2000  54000  100.0   40.0   40.0  179.9  14.25  134.3  149.6    9.0   0.4629E+12   0.8162E+13   0.2040E+13
   2000  57600  100.0   40.0   40.0  181.2  14.25  134.4  149.6    9.0   0.4655E+12   0.8078E+13   0.2025E+13
   2000  61200  100.0   40.0   40.0  183.3  14.25  134.5  149.6    9.0   0.4721E+12   0.8002E+13   0.2012E+13
   2000  64800  100.0   40.0   40.0  185.9  14.25  134.5  149.6    3.0   0.4833E+12   0.7976E+13   0.2006E+13
   2000  68400  100.0   40.0   40.0  188.7  14.25  134.6  149.6    3.0   0.4948E+12   0.8015E+13   0.2017E+13
   2000  72000  100.0   40.0   40.0  191.0  14.25  134.7  149.6    3.0   0.5056E+12   0.8126E+13   0.2042E+13
   2000  75600  100.0   40.0   40.0  192.0  14.25  134.8  149.6    0.0   0.5165E+12   0.8291E+13   0.2077E+13
   2000  79200  100.0   40.0   40.0  191.7  14.25  134.9  149.6    0.0   0.5242E+12   0.8468E+13   0.2116E+13
   2000  82800  100.0   40.0   40.0  189.8  14.25  134.9  149.6    0.0   0.5310E+12   0.8607E+13   0.2146E+13
   2000      0  100.0   40.0   40.0  187.1  14.25  135.0  155.3    5.0   0.5345E+12   0.8656E+13   0.2159E+13
   2000   3600  100.0   40.0   40.0  183.9  14.25  135.1  155.3    5.0   0.5403E+12   0.8590E+13   0.2144E+13
   2000   7200  100.0   40.0   40.0  181.0  14.25  135.3  155.3    5.0   0.5444E+12   0.8407E+13   0.2103E+13
   2000  10800  100.0   40.0   40.0  179.0  14.25  135.4  155.3    5.0   0.5447E+12   0.8144E+13   0.2044E+13
   2000  14400  100.0   40.0   40.0  178.0  14.25  135.5  155.3    5.0   0.5402E+12   0.7855E+13   0.1978E+13
   2000  18000  100.0   40.0   40.0  178.1  14.25  135.6  155.3    5.0   0.5311E+12   0.7601E+13   0.1919E+13
   2000  21600  100.0   40.0   40.0  178.9  14.25  135.7  155.3    0.0   0.5212E+12   0.7427E+13   0.1875E+13
   2000  25200  100.0   40.0   40.0  180.3  14.25  135.8  155.3    0.0   0.5083E+12   0.7355E+13   0.1855E+13
   2000  28800  100.0   40.0   40.0  181.7  14.25  135.8  155.3    0.0   0.4971E+12   0.7392E+13   0.1860E+13
